nFet:
Vt	= 1.3266	V
k	= 3.14123	mA/V^2
Va	= 57		V

pFet:
Vt	= 1.95309	V
k	= 3.51847	mA/V^2
Va	= 11
